# MVE view meta data is stored in INI-file syntax.
# This file is generated, formatting will get lost.

[camera]
focal_length = 0.5555179715
pixel_aspect = 1
principal_point = 0.5 0.5
radial_distortion = 0 0
rotation = 0.7751618624 -0.6317599416 0.001850670204 -0.6315365434 -0.7749595642 -0.02447915263 0.01689914241 0.01780653931 -0.9996986389
translation = -23.68007851 -17.2042675 199.1195831

[view]
id = 1
name = 0001
