# MVE view meta data is stored in INI-file syntax.
# This file is generated, formatting will get lost.

[camera]
focal_length = 0.5555443764
pixel_aspect = 1
principal_point = 0.5 0.5
radial_distortion = 0 0
rotation = 0.7535176277 -0.6573580503 -0.009569057263 -0.6574094296 -0.7533085346 -0.01840928383 0.004893036559 0.02016250975 -0.999784708
translation = 28.02813911 -0.7263622284 198.3495789

[view]
id = 4
name = 0004
