# MVE view meta data is stored in INI-file syntax.
# This file is generated, formatting will get lost.

[camera]
focal_length = 0.5555363297
pixel_aspect = 1
principal_point = 0.5 0.5
radial_distortion = 0 0
rotation = 0.7672276497 -0.6413730383 -0.001524255145 -0.6411932707 -0.7669516802 -0.0256174393 0.0152613055 0.02063174918 -0.9996706247
translation = 23.00866318 41.54701996 197.3110657

[view]
id = 1
name = 0001
