# MVE view meta data is stored in INI-file syntax.
# This file is generated, formatting will get lost.

[camera]
focal_length = 0.5555443764
pixel_aspect = 1
principal_point = 0.5 0.5
radial_distortion = 0 0
rotation = 0.7296430469 -0.6837748289 -0.008547244594 -0.683827281 -0.7296059132 -0.007465586998 -0.001131338533 0.01129205246 -0.9999357462
translation = 28.91540146 -31.03518295 198.2627563

[view]
id = 5
name = 0005
