# MVE view meta data is stored in INI-file syntax.
# This file is generated, formatting will get lost.

[camera]
focal_length = 0.5555363297
pixel_aspect = 1
principal_point = 0.5 0.5
radial_distortion = 0 0
rotation = 0.8015773296 -0.5974078774 0.02403328381 -0.5967165828 -0.8018745184 -0.0304418765 0.03745789081 0.01006045938 -0.9992476702
translation = -9.902956009 38.43976593 197.2755585

[view]
id = 4
name = 0004
