# MVE view meta data is stored in INI-file syntax.
# This file is generated, formatting will get lost.

[camera]
focal_length = 0.5555443764
pixel_aspect = 1
principal_point = 0.5 0.5
radial_distortion = 0 0
rotation = 0.6477336287 -0.7616267204 0.01912770048 -0.7618392706 -0.6472924948 0.02476331592 -0.006479187403 -0.03061226755 -0.9995102882
translation = -7.261901855 -40.02578735 197.4526062

[view]
id = 3
name = 0003
