# MVE view meta data is stored in INI-file syntax.
# This file is generated, formatting will get lost.

[camera]
focal_length = 0.5555179715
pixel_aspect = 1
principal_point = 0.5 0.5
radial_distortion = 0 0
rotation = 0.7450979948 -0.6669546962 0.0006110174581 -0.6667425036 -0.7448835373 -0.0245581381 0.01683430374 0.01789082959 -0.9996982813
translation = -26.44592476 24.41397667 197.9657593

[view]
id = 0
name = 0000
