# MVE view meta data is stored in INI-file syntax.
# This file is generated, formatting will get lost.

[camera]
focal_length = 0.5555363297
pixel_aspect = 1
principal_point = 0.5 0.5
radial_distortion = 0 0
rotation = 0.6571800709 -0.7535557747 0.01637334004 -0.7536178827 -0.6573047638 -0.003249201458 0.01321072876 -0.01020393148 -0.9998606443
translation = -2.843639374 19.3448143 198.4115753

[view]
id = 0
name = 0000
