# MVE view meta data is stored in INI-file syntax.
# This file is generated, formatting will get lost.

[camera]
focal_length = 0.5555363297
pixel_aspect = 1
principal_point = 0.5 0.5
radial_distortion = 0 0
rotation = 0.7497068644 -0.6617441177 -0.005865928251 -0.6616054773 -0.7492933273 -0.0289446637 0.01475865766 0.02558094263 -0.9995638132
translation = 25.46697617 28.1891861 197.7256775

[view]
id = 5
name = 0005
