# MVE view meta data is stored in INI-file syntax.
# This file is generated, formatting will get lost.

[camera]
focal_length = 0.5555179715
pixel_aspect = 1
principal_point = 0.5 0.5
radial_distortion = 0 0
rotation = 0.7345805168 -0.6785215139 0.0003147069365 -0.6783109903 -0.7343645096 -0.0245688986 0.01690163091 0.01783436723 -0.9996985197
translation = -26.62176132 38.33575058 197.5813293

[view]
id = 3
name = 0003
