# MVE view meta data is stored in INI-file syntax.
# This file is generated, formatting will get lost.

[camera]
focal_length = 0.5555443764
pixel_aspect = 1
principal_point = 0.5 0.5
radial_distortion = 0 0
rotation = 0.6326540709 -0.7742389441 0.01740884036 -0.7743635178 -0.6321321726 0.02776586637 -0.01049272902 -0.0310469605 -0.999463439
translation = -4.831535339 -14.01229858 198.1007538

[view]
id = 0
name = 0000
