# MVE view meta data is stored in INI-file syntax.
# This file is generated, formatting will get lost.

[camera]
focal_length = 0.5555179715
pixel_aspect = 1
principal_point = 0.5 0.5
radial_distortion = 0 0
rotation = 0.7703200579 -0.6376552582 0.001667526085 -0.6374325752 -0.7701151371 -0.02454287931 0.01693408377 0.01784293726 -0.9996973276
translation = -26.28397751 10.04308319 198.4369202

[view]
id = 2
name = 0002
