# MVE view meta data is stored in INI-file syntax.
# This file is generated, formatting will get lost.

[camera]
focal_length = 0.5555443764
pixel_aspect = 1
principal_point = 0.5 0.5
radial_distortion = 0 0
rotation = 0.6694164872 -0.7426702976 0.01795529015 -0.7428383827 -0.6688995361 0.0276485607 -0.008523479104 -0.03184628114 -0.9994564056
translation = -5.166569233 -27.34819794 197.8240814

[view]
id = 6
name = 0006
