# MVE view meta data is stored in INI-file syntax.
# This file is generated, formatting will get lost.

[camera]
focal_length = 0.5555363297
pixel_aspect = 1
principal_point = 0.5 0.5
radial_distortion = 0 0
rotation = 0.6425347328 -0.7660477757 0.01788775623 -0.7662463784 -0.6424714327 0.009843699634 0.003951628692 -0.02003134601 -0.999791503
translation = -3.761854649 3.788210869 198.511261

[view]
id = 3
name = 0003
