# MVE view meta data is stored in INI-file syntax.
# This file is generated, formatting will get lost.

[camera]
focal_length = 0.5555179715
pixel_aspect = 1
principal_point = 0.5 0.5
radial_distortion = 0 0
rotation = 0.7827585936 -0.6223219633 0.002089814283 -0.6220963001 -0.7825571299 -0.02450772747 0.01688709483 0.017883569 -0.9996974468
translation = -24.77668762 -3.745038986 198.7016907

[view]
id = 4
name = 0004
