# MVE view meta data is stored in INI-file syntax.
# This file is generated, formatting will get lost.

[camera]
focal_length = 0.5555443764
pixel_aspect = 1
principal_point = 0.5 0.5
radial_distortion = 0 0
rotation = 0.7781569958 -0.6279714704 -0.01111641712 -0.628066957 -0.777978301 -0.01680391468 0.001904048957 0.02005793713 -0.9997974634
translation = 29.7592926 -13.56638813 198.7414551

[view]
id = 1
name = 0001
