# MVE view meta data is stored in INI-file syntax.
# This file is generated, formatting will get lost.

[camera]
focal_length = 0.5555363297
pixel_aspect = 1
principal_point = 0.5 0.5
radial_distortion = 0 0
rotation = 0.7479667664 -0.6636678576 -0.009524309076 -0.6636531949 -0.7475694418 -0.02654072084 0.01049414184 0.02617241628 -0.999602437
translation = 26.94634819 14.75025082 198.1054993

[view]
id = 2
name = 0002
