# MVE view meta data is stored in INI-file syntax.
# This file is generated, formatting will get lost.

[camera]
focal_length = 0.5555443764
pixel_aspect = 1
principal_point = 0.5 0.5
radial_distortion = 0 0
rotation = 0.6923568249 -0.7215365767 -0.005203089677 -0.7211813331 -0.692212224 0.02720190957 -0.02322881296 -0.01508105639 -0.9996165037
translation = -24.28414536 -37.86071014 197.884964

[view]
id = 2
name = 0002
